Mass
0 1		0.083333333333333329	0.041666666666666664
0 1 2	0.041666666666666664 	0.16666666666666666		0.041666666666666664
1 2 3	0.041666666666666664	0.16666666666666666		0.041666666666666664
2 3 4	0.041666666666666664	0.16666666666666666		0.041666666666666664
3 4		0.041666666666666664	0.083333333333333329

Stiffness
Mass
0 1		0.037986704653371318	-0.037986704653371318
0 1 2	-0.037986704653371318	0.059457450761798591	-0.02147074610842727
1 2 3	-0.02147074610842727	0.036435205517331121	-0.014964459408903853
2 3 4	-0.014964459408903853	0.026448811978527741	-0.011484352569623888
3 4		-0.011484352569623888	0.011484352569623888